78 1.79829698 61.09315188
18 4.85042112 24.27829745
2 0.00000000 43.00000000
113 2.40908357 8.20113272
119 2.74148424 6.46164925
72 5.77086676 34.04557877
112 2.11292233 5.92432820
116 2.10588344 5.87021520
124 2.10588344 5.87021520
120 2.80941947 6.53680244
125 2.10588344 5.87021520
110 2.10588344 5.87021520
118 2.44270726 7.17728321
123 2.10588344 5.87021520
111 2.10588344 5.87021520
122 2.10588344 5.87021520
117 2.10588344 5.87021520
121 2.22556723 6.79031055
114 2.10588344 5.87021520
115 2.10588344 5.87021520
95 3.15978162 9.44218459
67 3.59659397 22.18630376
96 2.10588344 5.87021520
97 2.10588344 5.87021520
1 4.17526279 8.74511374
98 2.22556723 6.79031055
7 2.28942246 7.28121170
6 2.10588344 5.87021520
80 5.21207339 9.89133944
87 4.32136366 22.90220560
81 3.46984348 13.00466245
3 5.03719619 9.75867375
100 2.10588344 5.87021520
79 5.20911837 9.28238297
58 5.13084410 12.23229434
20 2.10588344 5.87021520
19 4.74359045 10.48355117
84 2.10588344 5.87021520
51 4.83892878 10.62255454
9 2.10588344 5.87021520
4 3.87685598 11.70708596
101 4.11545912 11.08298410
59 2.10588344 5.87021520
83 2.10588344 5.87021520
30 3.70712929 12.89432415
26 3.72593093 11.05831517
8 2.10588344 5.87021520
56 2.14582914 6.17730648
71 8.78039661 9.78931358
10 2.16976136 6.36129068
24 5.03301259 9.66238261
88 2.14283761 6.15430845
99 2.10588344 5.87021520
41 4.78414066 26.45990530
40 4.26019155 22.43193154
55 2.10588344 5.87021520
85 2.10588344 5.87021520
32 2.10588344 5.87021520
105 2.15779525 6.26929858
25 4.67917273 9.93986503
38 2.10588344 5.87021520
12 2.10588344 5.87021520
5 71.29051398 37.68239436
62 71.03170770 45.94063561
94 78.87418220 31.22535807
23 65.61828922 21.44128141
34 71.38021208 39.76242769
21 71.74620710 40.79683823
27 71.80848797 46.74336129
89 70.42938417 43.75071380
39 72.03828672 53.01284268
106 71.54199196 60.68179428
14 70.77961528 42.37799705
33 69.88279302 39.47277159
13 71.57976545 42.42545793
35 71.44701168 37.78762778
49 72.76703911 40.82097600
28 70.89098295 41.54927655
76 62.11660676 71.25343104
92 75.35526947 37.53793979
82 71.69161914 40.24379932
11 75.19961935 36.74525606
86 72.13935115 41.63072688
107 72.76438021 51.61337247
91 73.80326181 34.62063851
31 70.90824409 40.82659055
29 77.43909702 33.76494937
43 67.94293942 52.02781804
69 66.99136885 43.74054670
17 77.05569975 33.05846417
15 71.61441306 39.51125065
36 74.55837646 34.11168791
108 71.31381328 38.33842473
22 75.20124520 36.31071823
60 71.54199196 60.68179428
42 70.91897017 43.28722672
57 75.49181003 36.23213667
37 74.90696147 34.62272188
102 76.49319624 34.47656536
44 71.96535615 38.30142375
103 71.57868923 40.47387990
90 72.23965235 37.85125247
63 73.88877792 36.28939436
104 71.73828693 37.85070484
16 76.83924648 33.35402847
46 76.65045927 35.89472588
70 74.23321351 42.50686208
66 71.54991568 47.28887652
47 62.90308363 25.71212202
93 78.51198373 32.49326900
61 73.49047371 50.21390226
73 61.95159026 18.00719325
45 70.46094800 31.76867018
109 74.31322531 41.75219787
52 71.07724477 32.25231012
50 69.28498818 24.87536956
54 72.70946477 32.49158733
48 77.07653495 36.21551921
77 58.49568443 71.87027335
53 71.34781428 32.25282047
68 72.66937540 41.10074815
65 80.69266464 29.39225198
64 80.53321073 32.89665101
74 87.11660676 49.75343104
75 86.33468770 70.55037407
