752 0.00000000 100.00000000
751 0.00000000 100.00000000
96 3.79153566 66.15589585
95 3.20446604 72.11662586
104 3.95144661 69.41827902
100 4.50802679 57.25934550
4 4.72538986 42.53309752
5 4.72538986 42.53309752
11 4.72538986 42.53309752
90 2.82944956 72.48369726
97 2.55647625 68.23328153
91 2.89927208 73.75203815
1 2.83828729 47.02488036
6 5.10281038 41.63474095
93 5.60647450 60.57777328
82 3.89429701 76.54284190
80 3.00297021 80.16051594
730 5.47880001 73.56335145
94 3.48075836 76.44311930
647 9.00000000 0.00000000
728 5.82449539 72.49239713
727 5.82587854 73.13858008
726 5.82597249 73.85706191
725 5.82676597 74.50422024
724 5.82722061 75.15100320
722 5.90794297 77.20714282
746 2.05588593 67.18888907
92 9.32892846 67.84192274
642 9.00000000 0.00000000
465 3.21718471 78.14587582
723 5.99064456 77.37304764
729 5.62417408 72.31838813
721 6.57624775 77.41903442
749 2.38999662 68.38850414
720 7.73967938 77.36218907
2 2.72093217 54.78555120
3 2.72767436 54.91739852
81 3.30018894 74.32281439
8 10.96046179 63.47276877
102 2.06925490 13.66772885
719 8.73817669 76.79133398
99 3.49498040 78.42527147
105 10.34627450 68.33864423
98 3.56491308 78.82248992
651 18.00000000 0.00000000
88 3.82130018 76.95249348
79 3.75347067 75.60785786
129 6.63055812 78.24947420
106 8.27701960 54.67091539
127 6.72954994 78.37036978
431 0.00000000 9.00000000
442 0.00000000 9.00000000
112 3.68657054 77.13785084
125 6.91082716 78.55925586
311 6.56963400 78.33993372
310 6.86351206 78.58945855
350 2.13033746 60.38013740
674 15.92045951 75.73735852
35 3.75014914 77.03255939
124 7.56652840 78.53076741
336 7.83167841 78.82920246
156 5.27743759 76.87860540
140 5.65056406 76.41438989
309 7.05201384 78.59631106
153 7.51670171 78.88829316
24 5.71092127 77.63987393
87 3.85936910 76.99839059
308 7.42966079 78.50555098
110 3.88631301 77.11783007
123 7.34034791 78.34683469
747 2.90349231 72.52202448
122 7.72581706 78.97800183
86 3.88465071 76.74539945
139 6.89729036 78.67000129
347 5.27885397 76.17855089
65 4.09369210 78.11880056
643 27.00000000 0.00000000
144 7.39992064 79.22293662
307 7.36440438 78.49832036
28 4.14756764 76.97069772
158 7.54027529 79.58627490
132 7.31582974 79.14728580
176 2.59683486 62.41437472
107 6.20776470 41.00318654
652 27.00000000 0.00000000
490 2.80691060 72.70066749
126 7.00494023 78.93745577
249 2.62380361 62.94176399
120 4.01998630 77.27009973
111 3.94297634 76.32633066
9 6.86499351 67.97474841
322 8.61446127 81.54102678
13 4.38398123 77.80230670
130 6.63391304 77.77349348
342 17.80723064 90.77051339
121 7.59623553 79.16121048
335 8.66273659 82.04273626
33 3.34461697 74.26994558
150 6.55901164 78.46642835
321 8.94226904 81.68638634
25 4.34533277 76.44000315
320 8.30502749 81.32651324
147 5.92167988 77.82516343
85 3.75613456 76.17932705
21 4.79686504 76.65947863
319 8.37270986 81.32458634
74 4.11884712 76.34239056
146 1.60577782 87.31368858
10 2.76952524 72.47672805
318 8.48045985 81.61214948
19 5.04541433 76.42221142
608 2.49649402 72.77686002
328 7.53245994 80.18637565
155 7.82732975 80.53113710
154 7.98727719 80.67468623
109 4.47370131 76.40509760
675 20.14891561 77.97948137
78 3.56040589 75.27875811
488 3.79655025 76.87427601
142 3.21155565 74.62737716
748 2.49451697 72.43316552
141 7.82785797 80.51949290
364 2.41317577 69.90311744
84 3.82168478 76.14139299
29 4.63038237 77.21042354
161 2.49325958 72.02632140
234 2.50341874 72.24190232
64 4.70220812 76.95567835
745 3.33903013 72.93388662
463 3.84115210 76.67233849
332 7.63586985 80.08372987
23 5.46391481 77.58199795
331 7.51549746 79.70527909
101 4.19965515 76.09010442
118 4.54507879 77.29595186
148 7.46226286 79.88183356
572 3.31275261 73.65742054
49 4.54250388 77.12481764
34 4.62041602 77.12897904
18 6.89305916 79.33108151
48 4.25596741 76.63551999
459 4.50617548 77.17684623
113 4.16896363 75.92462918
30 4.31681446 76.46716909
45 4.55528402 77.17264997
62 4.59431689 77.05532977
61 4.52372959 76.81687115
56 4.34441208 76.62493222
386 2.49649402 72.77686002
160 4.34439234 75.96775208
493 2.68301508 73.23933558
83 3.80585226 76.06262404
17 4.86092260 77.06986221
14 4.94739090 77.23655494
57 4.43419283 76.84745180
55 4.42728544 76.83111910
457 2.95762151 73.66147647
71 4.52486799 77.16893078
15 4.61900560 76.82721062
40 4.53548460 77.14405010
63 4.52323242 76.97890653
38 4.53147733 77.12681746
50 4.45221537 76.86208530
39 4.52362238 77.13575342
42 4.52203028 77.12400926
51 4.52523338 76.87416790
76 4.51213120 77.07497748
108 4.13850980 27.33545769
41 4.51280320 77.15182887
60 4.50223211 77.02594571
43 4.51026137 77.14595964
44 4.52843191 77.08867784
68 4.48992675 77.09900582
69 4.51556563 77.01884435
66 4.58264480 76.90987881
75 4.43831451 77.29753435
73 4.42369299 76.80102652
27 4.27249396 76.26505378
67 4.52654443 76.93190934
46 4.59013221 76.94657979
138 7.39726797 79.89930863
503 3.16904977 73.98767016
52 4.60018388 76.93272053
742 3.48172854 73.55031890
475 3.06556814 73.77029023
486 3.26131572 74.56902886
567 4.19158260 76.21590094
135 7.37981194 79.36891956
369 2.25695406 64.51485011
365 2.49649402 72.77686002
316 6.35693697 77.71580973
505 3.44535128 75.26870485
315 6.37630114 77.76237105
451 3.43885167 74.15917627
72 4.49833563 77.10068046
314 6.37761646 77.82111665
387 2.49649402 72.77686002
313 6.38872519 77.88133325
506 3.12810694 74.24653345
312 6.39509016 77.93629478
47 3.78766371 75.63271359
133 7.34447320 79.31396867
349 2.27257623 65.05367684
351 2.27257623 65.05367684
143 5.19005819 77.82052754
564 3.94535229 75.77140425
348 2.28983762 65.41660241
77 4.56523166 76.94909463
731 3.50887630 73.68128823
420 4.52010054 77.05653590
334 6.21700885 77.75797067
343 22.47113452 90.84319317
352 2.27257623 65.05367684
353 2.27257623 65.05367684
354 2.27257623 65.05367684
743 3.52398785 73.76199437
20 3.49507097 74.65031709
16 4.87341546 77.16736124
177 2.53898797 65.97765672
149 6.21540027 78.56507820
627 2.49649402 72.77686002
494 3.20247171 74.24266146
114 4.04071628 75.35266390
495 3.19770892 74.22777820
53 4.58410340 76.91849516
89 3.58197682 75.31286858
478 3.19208489 74.38242499
128 4.39671408 75.97464864
479 3.37601209 74.79534436
355 2.27257623 65.05367684
26 4.09046107 75.90817018
119 4.89178484 77.18921140
178 2.53058444 66.47991623
744 3.55471648 73.90132121
481 3.27087923 74.77042616
250 2.57535257 66.68477091
330 5.48269558 77.12734439
251 2.56838392 67.22312255
732 3.57594127 73.99833517
733 3.57594127 73.99833517
734 3.57786181 74.00704310
471 3.17646895 74.46572182
741 3.58942166 74.05879984
203 2.48090473 69.29025373
458 5.77216022 77.16895715
735 3.59378392 74.07858687
740 3.59378392 74.07858687
738 3.59378392 74.07858687
739 3.59378392 74.07858687
736 3.59378392 74.07858687
737 3.59378392 74.07858687
179 2.49760919 68.73638890
37 5.12941671 77.37470900
501 3.32123344 74.69619962
480 3.37995016 74.79490282
326 6.19519134 77.76085076
327 6.17246044 77.74155050
170 2.52661880 66.74024730
171 2.52661880 66.74024730
169 2.52661880 66.74024730
325 6.20977159 77.76138079
22 4.44085280 76.29288197
217 2.46245154 69.04585816
497 3.34076041 74.71425672
324 6.23898185 77.75436068
183 2.47979708 69.08075236
191 2.47974940 69.08212898
190 2.47974940 69.08212898
189 2.47967605 69.08095093
185 2.47906449 69.07866115
341 5.43104236 77.49702599
186 2.47952980 69.07637076
188 2.47957434 69.07983708
182 2.48201009 68.97824862
340 5.45539689 77.51770485
477 3.25104327 74.37277250
187 2.47941885 69.07553635
184 2.47936199 69.07802478
208 2.48041334 69.01753331
59 4.56762647 76.95145274
181 2.52261982 66.98991821
323 6.23393440 77.75380140
205 2.47876285 69.07789197
317 5.69660011 77.48692056
276 2.52866217 70.29176206
193 2.47912042 69.07697439
339 5.47101859 77.51827273
137 7.34411030 79.20294892
496 3.30603576 74.61084988
195 2.47895746 69.07360822
163 2.51947179 67.16382053
164 2.51947179 67.16382053
165 2.51947179 67.16382053
194 2.47857591 69.06328024
498 3.33684356 74.70524698
500 3.33684356 74.70524698
499 3.33684356 74.70524698
192 2.47910812 69.07664123
204 2.47296594 69.04592065
172 2.51824861 67.25316697
196 2.47693108 69.00672469
338 5.50231529 77.51075118
180 2.51904631 67.20170483
489 3.33623803 74.71002588
206 2.47764362 69.06218580
198 2.47914673 69.05221410
197 2.47498904 69.05567759
166 2.51526415 67.43046490
167 2.51299225 67.54319618
252 2.53805942 69.56579272
337 5.49690730 77.51015196
329 6.14220375 77.76741080
470 3.29101425 74.66771753
200 2.47730685 69.06268870
223 2.47139357 69.04268165
174 2.51419638 67.52714432
199 2.47725762 69.06135605
207 2.49009746 68.51103508
175 2.50533113 67.84290985
256 2.53059643 70.14233334
264 2.53057255 70.14417818
263 2.53057255 70.14417818
243 2.56497853 67.48620034
242 2.56497853 67.48620034
244 2.56497853 67.48620034
262 2.53057024 70.14435721
261 2.53057167 70.14424615
259 2.53057256 70.14417784
258 2.53044264 70.15421433
255 2.53213909 70.02315820
225 2.47439444 69.05696814
260 2.53057081 70.14431325
257 2.53054278 70.14647815
70 4.54953563 76.98733734
281 2.53125714 70.09129127
278 2.53047892 70.15141196
266 2.53051968 70.14826274
267 2.53053548 70.14704265
265 2.53051907 70.14830989
268 2.53051900 70.14831581
157 6.56624733 79.04168698
254 2.56155939 67.75034054
271 2.53080053 70.12656661
290 2.52663122 70.44865981
279 2.53054276 70.14647984
269 2.53055691 70.14538686
237 2.55906984 67.94266680
238 2.55906984 67.94266680
236 2.55906984 67.94266680
226 2.48355626 69.77470555
277 2.52929840 70.24261104
245 2.55802363 68.02348956
58 4.59805975 76.69437091
333 5.40738317 77.43089854
173 2.51359432 67.53517025
270 2.52979167 70.20450383
253 2.55860504 67.97857377
233 2.47088029 69.05400551
218 2.46948540 69.05079597
239 2.55555416 68.21426466
240 2.55373623 68.35470622
201 2.47728223 69.06202238
273 2.53036338 70.16033736
484 3.33684356 74.70524698
296 2.52906955 70.26029038
232 2.47304285 69.06089782
224 2.47153843 69.05111282
272 2.53036094 70.16052598
280 2.53737749 69.61847358
247 2.55425631 68.31452791
54 4.58689467 76.87367031
248 2.55031843 68.61874260
299 2.52419288 70.63702923
298 2.53017200 70.17512239
228 2.46760574 69.05021988
230 2.49771429 68.17697247
168 85.91092758 40.26951813
444 84.89322452 38.22000052
227 84.15983276 38.06288581
162 85.91092758 40.26951813
306 84.20103273 38.12079877
274 84.15836249 38.06074960
202 84.12737865 38.00935157
291 84.20078029 38.12074103
246 85.99457822 38.86013010
473 88.38685582 40.95991084
305 84.19823082 38.11700125
448 84.96392727 38.35659969
297 84.22709085 38.15577591
222 84.19355213 38.10719329
136 85.51358097 41.62792705
36 80.59977419 31.34635821
303 84.17871938 38.09203708
301 84.18274925 38.09706983
229 84.19200426 38.10249164
482 89.99638341 41.98019677
300 84.17037789 38.07935820
210 84.15892423 38.06339425
221 84.15983276 38.06288581
209 84.16069319 38.06529183
215 84.16797693 38.07476129
212 84.16041819 38.06533383
213 84.16041819 38.06533383
275 84.14634709 38.04214101
211 84.15892423 38.06339425
216 84.15557239 38.05982754
159 84.32666852 40.53927300
241 85.99457822 38.86013010
295 84.19479782 38.11305939
214 84.15751920 38.06118421
235 85.99457822 38.86013010
302 84.19631242 38.11340582
370 83.97856056 37.82058774
472 88.38685582 40.95991084
294 84.17002193 38.08025516
283 84.17089567 38.08247958
469 81.06985869 32.57432218
282 84.17133840 38.08279669
288 84.17556838 38.08843972
285 84.17050176 38.08210141
286 84.17050176 38.08210141
372 83.98126593 37.82622950
284 84.16920230 38.08039526
371 83.98115671 37.82632794
374 83.98277816 37.82545018
289 84.16550404 38.07639581
455 83.53707536 38.14205672
287 84.16647220 38.07649666
231 84.12979592 38.03315896
219 84.28725350 38.23053590
373 84.00003793 37.84816541
375 83.99650694 37.84061681
376 83.99216041 37.83387408
304 84.13606646 38.04464117
292 84.27945954 38.22578793
410 84.14107739 38.03907945
391 84.01486067 37.86505659
220 84.12737865 38.00935157
368 84.48457518 38.44863719
377 84.02213615 37.87059455
411 84.14535623 38.04837203
293 84.13433170 38.02353241
414 82.81344060 35.73171531
418 82.85867803 35.78666849
417 82.87591305 35.78097806
626 81.17196713 32.96063252
415 82.82578688 35.75505814
452 83.96210722 37.47310769
416 82.86976229 35.75435457
502 89.48230103 41.70055668
485 88.39806923 40.99013844
445 84.64437000 38.64625214
405 84.06511842 37.99465045
446 83.18507927 36.34445642
449 84.66000898 38.68049201
663 81.30689964 33.59715274
443 84.14424686 37.85801357
394 83.92293188 37.76541820
447 84.15585606 37.88961251
450 83.24031963 36.46938498
32 82.16531281 34.38410617
393 83.92152989 37.76620351
392 83.92173050 37.76650103
395 83.92891652 37.76200083
396 83.93217982 37.76104837
487 89.22525984 41.56073663
407 84.09562493 38.01079984
397 83.87729673 37.67578748
404 83.89297224 37.70306127
403 84.11908762 38.06620651
398 83.88002143 37.68013558
412 84.20595898 38.07083966
406 84.05957495 37.97518115
605 81.06568903 32.56203881
413 84.19881023 38.06811478
699 79.21848513 34.93770199
12 83.00285002 36.31041743
615 81.16499138 32.94182376
390 84.19914325 38.09366308
609 81.06568903 32.56203881
419 82.87490629 35.79919691
399 83.92340830 37.72759053
625 81.20345330 33.01528109
619 81.16838686 32.94550047
610 81.13164457 33.01402420
600 81.06985869 32.57432218
611 81.13115725 33.01308082
620 81.16419173 32.93086873
612 81.10582482 32.97653468
613 81.15969430 32.90651310
409 84.04160198 37.98185973
616 81.17273561 32.97561856
614 81.18043567 32.90604484
344 65.06312038 67.14342781
623 81.19520340 32.93609681
621 81.17560519 32.95163894
617 81.16643551 32.93318713
624 81.22396836 33.02382778
618 81.19029599 32.93054599
622 81.21745013 32.96953342
400 83.95886304 37.77468569
115 82.85115303 36.05719927
401 83.95812939 37.77709355
582 81.06463582 32.55973158
590 81.06484683 32.55999781
573 81.06899769 32.57384988
574 81.06287885 32.56358921
591 81.06462762 32.55903720
575 81.06177646 32.56177046
583 81.06509560 32.56149742
576 81.06459367 32.55819265
581 81.06558466 32.55796503
584 81.06478801 32.55945808
589 81.06585248 32.55922327
598 81.06658325 32.55946066
592 81.06533168 32.55973177
599 81.06797680 32.56396720
597 81.06759644 32.56082663
570 81.52050965 33.87891908
402 83.96752700 37.78951405
356 84.44580712 38.39560215
641 81.43125613 33.92933311
357 84.44870054 38.39972740
358 84.44942254 38.40096310
7 89.84936139 41.58848484
606 81.01449342 32.36251822
117 82.39324377 35.06491845
378 84.33573346 38.25943721
134 82.59831781 35.46575150
151 81.21938256 32.07412760
474 88.37564241 40.92968323
607 81.01449342 32.36251822
587 81.00485093 32.34883796
595 81.00548215 32.34975397
578 81.00285581 32.35296228
593 81.00469176 32.34844311
586 81.00510729 32.34700289
579 81.00404018 32.35263165
594 81.00551177 32.34800086
580 81.00503797 32.35131469
588 81.00701841 32.35029072
585 81.00933226 32.34751920
604 81.01131792 32.35446384
577 81.13204857 32.56716243
596 81.00510346 32.34245991
603 81.00982381 32.34832096
601 81.00885407 32.34356958
602 81.01081838 32.34755749
379 84.36476000 38.29596601
430 85.27791437 40.06826565
380 84.36548199 38.29720171
441 85.27756150 40.07337392
366 84.44288673 38.37546579
464 82.27799547 34.40796593
483 89.22525984 41.56073663
367 84.53730007 38.51094685
467 88.87918939 44.10598711
639 82.37574620 35.03497327
388 84.39840371 38.32367474
359 84.54164563 38.53594646
145 84.47386151 36.80508650
640 81.74864237 33.75952911
131 81.70834696 33.60748646
389 84.44168466 38.39304433
633 81.74958448 33.78764313
638 81.64778756 33.77613076
381 84.45807033 38.43267412
637 81.64086948 33.76424116
468 84.06609007 38.84437844
569 80.76340139 31.50319343
629 81.75922667 33.79624342
636 81.65142996 33.72591210
630 81.79296307 33.78727044
635 81.77559524 33.65492666
628 81.78228559 33.80887978
632 81.77155232 33.82998070
634 81.84765548 33.64247353
631 81.81611627 33.78111860
360 84.60914026 38.63920054
361 84.61288272 38.67112098
362 84.64450447 38.69543725
476 88.42049604 41.05059366
456 91.20536921 64.23101287
363 84.69343555 38.54736763
566 78.94385928 27.37715694
453 83.50347960 37.27308930
382 84.54208862 38.55678196
383 84.54601001 38.58892786
384 84.57935973 38.61538733
667 81.37396697 33.66950486
385 84.62779547 38.46672929
658 80.63759671 35.02291896
508 82.60772933 41.97856440
513 82.56732314 42.75280295
31 83.53904178 37.39079430
571 80.58264668 31.07282395
676 81.43125613 33.92933311
659 80.63278471 35.01464267
429 84.94618881 38.67619321
677 81.43865329 33.93946805
440 84.90140024 38.62124023
551 80.54526111 31.08855188
543 80.55016855 31.10817191
548 80.54082275 31.08499421
553 80.56186450 31.10472391
668 81.29066237 33.38512463
552 80.53938197 31.08092378
544 80.53842507 31.08837891
673 81.87231278 34.38526571
549 80.55111619 31.08605448
116 81.55700780 34.10162713
545 80.57218977 31.09412775
546 80.61775875 31.10709734
550 80.59090419 31.08449384
547 80.65455542 31.09742374
559 80.55724341 30.95915227
511 85.91092758 40.26951813
660 80.12624076 34.28685562
562 80.62547878 31.07820839
560 80.62537471 30.96100538
561 80.62549298 31.03111607
563 80.62630881 31.11075938
692 80.95688332 31.81128765
648 65.72957848 17.13491507
661 81.19651893 32.89379730
454 83.98661306 38.17511525
664 81.45915696 34.26983015
345 65.31639235 67.50732134
516 85.99457822 38.86013010
152 89.93461687 60.23745894
693 81.16390724 31.93149208
662 81.61458024 32.88517612
428 84.75025637 38.87035334
492 88.59991054 41.53423539
695 80.72152701 31.10232824
671 81.90421973 33.48340181
439 84.69929309 38.80766857
669 81.51447680 33.79872463
665 81.33578931 33.42508855
491 88.30836198 40.74831758
694 80.97659975 31.11756412
672 82.47663137 35.22737164
666 81.81111431 33.37294283
408 85.28232101 40.69573742
698 80.24573166 30.02662288
540 78.47502710 27.30566822
670 82.34714656 34.15153150
697 81.74526020 32.20113283
532 78.44581911 27.47934947
709 84.15878994 38.82307338
710 84.06092310 38.65887005
537 78.38584442 27.23595507
568 78.94385928 27.37715694
678 78.82325670 29.28028363
542 78.80630462 27.62779796
541 78.35662437 27.15354852
522 87.56129199 44.65516678
533 78.34014236 27.29768970
427 85.22202248 39.13928148
438 85.20532489 39.12036644
520 84.92306848 37.18345819
690 82.44296765 35.03131189
462 85.96735063 42.41926332
716 82.66616825 34.87537831
701 83.55359282 35.16570121
424 84.99604400 39.54034410
426 84.96742790 39.22105244
346 65.31879836 67.51145948
435 84.97201012 39.51102456
437 84.94318516 39.19167588
421 84.85619577 39.06248705
432 84.82796665 39.02776802
679 78.82155247 29.29234607
422 84.88664560 39.20498850
423 84.90484774 39.47745272
538 78.59196955 27.25532536
717 82.73946459 35.28622447
434 84.87894480 39.44566468
433 84.86050430 39.17290437
565 79.44953332 27.71944883
714 80.50394477 31.39548399
683 79.13317421 29.20818772
534 79.01425197 27.41299708
504 90.51046580 42.25983687
510 87.07608930 38.60361771
535 79.92463371 27.67370575
715 80.77869467 31.96308311
539 79.38556202 27.22265988
684 78.89565886 28.95699925
536 80.65627289 27.48402934
509 84.74576587 41.93541856
514 84.75085345 39.74304803
680 79.50005396 29.11552347
103 82.00000000 0.00000000
644 67.56312038 17.14342781
515 87.23830300 37.97721218
681 80.59159858 29.55998611
685 79.98089363 29.06819207
554 79.47136974 27.09938484
691 83.65890050 37.60718469
700 81.58045691 33.18040748
425 85.64670367 37.72746375
523 87.21144397 40.51182510
527 87.20074902 41.49469841
436 85.62854278 37.70539141
704 85.13455507 40.02901931
703 85.06884868 39.34517414
682 81.48225066 29.08275024
557 80.83135683 29.47464618
556 80.83064611 28.53356336
555 80.83024500 27.13533746
524 87.26118213 41.18998919
528 87.24834818 42.36943717
558 80.84646328 30.11952305
461 86.07344489 42.78056232
718 82.04201205 33.22995835
705 85.48508456 38.63504287
518 87.64298930 36.77659344
712 86.96623883 44.59698406
711 87.45854223 45.57224650
708 85.54132318 34.71028529
653 72.75723840 16.89936232
649 72.66789466 16.71254428
466 90.94863134 61.45634087
713 83.18686549 33.47200194
531 86.96524370 35.01976250
521 87.00407401 34.73646652
519 88.17287110 33.86731865
707 86.25184993 36.53093515
686 85.22808491 39.79791444
689 85.35959146 42.18408522
688 85.34536282 41.40952106
687 85.33745897 40.51511370
460 91.60652250 61.31920783
696 85.66089036 36.04907147
645 77.09825946 16.44689865
525 88.92832948 36.00996624
526 88.92832948 47.72425195
530 88.91554247 45.51156392
529 88.91554247 46.79727820
750 89.98922556 37.33526753
517 88.61457561 33.74895042
706 87.72914204 36.24747729
646 86.30729012 16.44258806
650 86.40555716 16.68647142
702 91.38529960 31.81974524
657 90.93615639 44.69263285
655 90.95210987 21.24170091
656 91.23831569 35.61368582
654 91.17357328 17.07576575
507 92.37288293 70.96770928
512 92.37542672 51.87152402
