1882 5.19719062 15.68755088
1868 6.00486822 26.97011095
1875 5.81028779 20.11814038
1861 6.30185732 33.98396426
1854 6.46704115 40.21064982
1883 5.66078249 11.65963028
1847 6.37258593 29.77080933
1833 5.74029821 41.77164262
1840 5.44850719 37.30289789
1826 4.66683673 51.32457268
1819 4.09194010 58.68133729
1812 3.59672433 66.45017327
1805 3.23672202 74.33093002
1791 3.50550943 89.24310275
1798 3.17962347 84.11671512
1884 6.19163096 12.20924442
1887 6.36377615 12.22203506
1888 6.45105018 11.30186013
1787 5.56907828 91.72487509
1863 7.66948506 25.15289794
1856 7.86222150 28.81741715
1870 7.41529752 20.21652683
1877 7.19714081 15.20725014
1849 7.81457384 26.05272994
1842 7.27507224 30.51236862
1835 6.98435354 35.39790053
1880 7.35148519 15.11900038
1873 7.60808935 20.00392063
1866 7.97639820 24.88294192
1828 6.19260092 42.73478068
1859 8.18699366 29.06744682
1852 8.08329004 24.87898798
1821 5.48944571 50.34230306
1838 7.30675463 33.68343257
1845 6.95704783 31.74606129
1814 4.82405868 58.75814578
1831 5.97029916 44.26956528
1807 4.33285371 67.45820702
1824 5.25066183 52.15015364
1867 8.02625752 22.84914150
1800 4.16377186 76.67176487
1860 8.22618159 25.84526950
1793 4.46668073 83.37545192
1874 7.78323559 18.45472228
1853 8.19074460 25.08279619
1881 7.55892856 13.92614834
1817 4.61679750 60.62509714
1876 7.55164266 13.09254974
1862 8.06579128 21.76484432
1855 8.27499040 25.03395533
1846 7.75156747 28.74092620
1885 7.45750055 10.18793640
1839 7.30888971 33.73518520
1848 8.28480433 24.71463521
1810 4.14733048 69.53079549
1869 7.82331382 17.38165456
1796 4.43587447 85.84557780
1886 7.50073709 10.03670568
1841 7.86072757 27.98212432
1832 6.59062636 40.49396538
1803 4.05338292 79.24246605
1834 7.50988100 32.27341771
1825 5.85401239 48.16690283
1827 6.73961389 39.19017838
1864 8.28403413 22.01364166
1857 8.48067285 24.17979395
1820 6.03239252 46.53623116
1871 8.04977243 18.05961953
1818 5.14423285 56.75152991
1790 5.55757265 88.31505344
1850 8.41016050 24.64267903
1865 8.34349621 21.62968226
1858 8.54133287 23.68443600
1843 8.03948673 28.02352606
1813 5.30762702 55.00766799
1811 4.61880110 65.66532276
1872 8.11109544 17.76598544
1851 8.47285562 24.48102341
1878 7.86770424 13.69216211
1836 7.37834522 33.81135658
1804 4.42050622 74.72960393
1844 8.11890260 27.72828565
1806 4.73856555 63.92673886
1829 6.77332669 39.93040629
1797 4.71742107 81.84476039
1879 7.92800220 13.47864514
1837 7.43243459 33.53423736
1799 4.47918619 73.05805345
1830 6.83966427 39.55693707
1822 5.97943782 47.98474097
1789 7.00402848 89.91873604
1792 4.68263148 80.54224937
1823 6.04019893 47.62217426
1815 5.24765050 56.82321193
1788 5.63142827 85.43051613
1816 5.30101286 56.48877596
1808 4.73732616 65.90983644
1801 4.57577155 74.78268697
1809 4.78498406 65.61102240
1794 4.96116094 81.87169514
1802 4.61856061 74.45899348
1795 5.00295100 81.61657989
1682 10.84691975 94.25828615
1781 8.23335535 9.31892403
1767 8.99608601 15.65999636
1774 8.69252514 12.14631102
1760 9.56154601 18.90001718
1753 9.81894943 21.95773530
1732 8.67008468 27.00523739
1766 9.06640770 16.48682846
1746 9.59247985 20.15151939
1689 5.47221140 87.78976911
1759 9.44001517 18.64852604
1752 9.61784112 19.98288228
1739 7.56190871 29.95316166
1773 8.83336408 13.16908650
1745 9.43285023 21.62143399
1725 6.50444685 42.29394478
1731 8.06236188 31.63390416
1738 8.22544311 28.66104893
1718 5.62765287 51.23289247
1724 7.02752492 40.41532836
1771 9.30805027 14.22894898
1711 4.94604116 60.41745016
1764 9.76229904 16.62477431
1690 5.11948251 87.75138129
1768 9.53480078 14.02184726
1717 6.06698838 49.93473109
1775 9.21784567 11.11450012
1704 4.46670388 70.33471758
1786 8.89721878 8.12791358
1757 10.06534230 18.51046796
1782 8.88505387 8.37056131
1778 9.07849901 11.05518123
1761 10.13043514 16.42784621
1780 8.83842170 9.30071094
1710 5.35104127 59.49516048
1697 4.50133910 80.55262958
1772 9.65699027 13.37880869
1779 9.31814521 10.57852106
1750 9.97933378 18.82838356
1754 10.38161086 18.68945472
1736 8.58443619 28.03594317
1703 4.93470760 69.18237368
1733 9.09352022 25.17754630
1743 8.54156134 26.40906700
1765 10.31054470 15.84853844
1747 10.11385679 18.81477736
1696 5.02211323 78.39367842
1687 9.77163710 92.61389152
1729 7.46091334 37.01290551
1737 9.36251804 23.49327903
1758 10.58085515 18.35203884
1683 9.81157888 92.60081689
1740 7.93754219 28.93759331
1694 5.33972495 86.62296083
1751 10.29151067 18.08260607
1722 6.40153459 46.77404528
1726 6.80630624 41.12737767
1744 7.86177880 29.01036815
1715 5.58950314 56.48971855
1719 5.87478143 50.43311001
1730 6.74809080 41.31475907
1691 5.46720020 87.95822408
1708 5.04544840 66.50899250
1785 9.14578132 7.39545528
1712 5.17196599 59.90868002
1684 10.95962923 93.43668153
1723 5.82420066 50.56426236
1701 4.97049294 76.79415467
1705 4.69882368 70.15130926
1716 5.12484092 60.01750096
1698 4.78793479 80.24980637
1695 5.46588146 88.00255433
1709 4.63674896 70.40629230
1784 9.57324712 6.69425540
1783 9.57121963 6.73469668
1661 10.28533595 12.32577971
1668 9.86165712 10.54002213
1702 4.72630888 80.73826109
1776 10.02734824 8.56408189
1777 10.04406484 8.47475205
1769 10.41971912 10.56175555
1654 10.75923633 13.59078628
1770 10.44008404 10.45458245
1688 10.98928962 93.22046978
1647 10.91267124 14.71219730
1762 11.20963469 12.31430321
1763 11.23965295 12.21775191
1734 10.27911626 18.57776461
1735 10.32394923 18.29705340
1640 9.83733220 20.61299040
1675 9.70960783 7.85014617
1755 11.50879776 14.46516247
1633 9.02086202 25.46868797
1626 8.85076825 28.32944339
1756 11.54200514 14.40892649
1748 11.13858640 15.40355000
1749 11.16819538 15.28152145
1619 7.50996252 39.15451228
1584 8.65641267 90.98257154
1741 8.10103816 28.12579451
1742 8.08588548 28.14034948
1666 10.62310428 9.60671365
1591 5.42748094 84.32773209
1673 10.19711310 8.04621814
1612 6.47142700 49.55654501
1727 6.94516240 40.48547847
1728 6.93351931 40.52295475
1659 11.22560093 10.73033466
1669 10.46810524 7.34223976
1670 10.47513757 7.68172258
1605 5.73493374 60.00988622
1662 10.91078554 8.73331739
1720 5.98028382 50.00055412
1663 10.92806988 8.98784066
1676 10.06908451 5.72584437
1721 5.97016767 50.02678459
1652 11.53293039 11.97126987
1677 10.11362878 5.96695971
1598 5.38802648 71.43615601
1713 5.26594062 59.70460850
1714 5.25651560 59.72637268
1655 11.71405241 9.89599590
1645 10.63899340 16.84406525
1656 11.68388324 10.02602472
1674 10.63517595 6.93607921
1631 9.70837593 22.74434101
1667 11.09573960 8.11707396
1681 10.21902555 5.47569368
1706 4.75713427 70.68185346
1638 9.32776409 23.38974026
1680 10.07530990 5.65887349
1627 10.54925516 17.53405907
1563 10.67319136 7.76104387
1707 4.74471933 70.73285007
1648 11.99486305 11.61416067
1628 10.33192270 19.10512151
1649 11.92698495 11.55244746
1692 5.81122541 88.28919159
1556 11.20351406 8.70422180
1699 4.90197794 81.31465639
1693 5.81096166 88.29805764
1700 4.88965276 81.41234734
1624 8.13006085 34.53799157
1570 10.26157694 6.25639251
1641 10.75002921 16.71667885
1642 10.45104433 17.94824432
1660 11.92509548 9.09608692
1549 11.69125688 9.58745163
1632 10.71831082 16.69877667
1634 8.81881625 25.47207359
1635 8.98613392 25.05539307
1617 6.95661501 45.27910977
1653 12.19158852 10.72816489
1671 10.93561197 5.90854919
1678 10.45679724 4.81615463
1672 10.96228503 5.78427530
1542 11.32961880 13.20252650
1679 10.47436337 4.73427696
1685 12.19072868 93.66715329
1620 7.53637718 37.99763670
1664 11.42041844 6.77519161
1646 10.61254753 17.24699536
1621 7.60738591 38.06396771
1568 10.78856621 6.07177076
1610 6.09012999 55.99248318
1665 11.44836339 6.63006382
1686 12.19666076 93.62391094
1596 5.40327481 82.69564376
1535 10.14361401 19.22845921
1589 7.68606970 89.60996883
1561 11.31252697 6.89034248
1528 9.72510437 22.36952056
1639 8.97699495 24.94663125
1565 11.04684009 5.79096649
1521 9.34384285 26.46182573
1613 6.44853332 48.30942941
1603 5.55895890 68.20394582
1614 6.51009089 48.54738134
1572 10.54904820 4.80238901
1564 11.07039703 5.44427968
1575 10.38264821 4.66058224
1571 10.56894964 4.49260318
1657 12.33714875 7.52122977
1558 11.56988744 6.46048297
1554 11.94728541 7.61871063
1658 12.37735079 7.36624013
1625 7.63302365 37.77698230
1629 11.20935658 13.85820689
256 10.38270955 3.94155186
1465 10.62211025 5.00998873
1557 11.58374820 6.11764304
1458 11.15031864 5.84916260
1606 5.68923972 58.76593112
1569 11.14431368 5.27703326
1576 10.62404070 4.42308375
1607 5.75816622 59.16394953
1630 11.27375460 13.45714942
1514 7.94988470 37.97135489
1650 12.60881698 9.15526697
1562 11.66546311 5.87515980
1593 5.56883514 83.81492986
1547 11.93269205 10.24013883
1451 11.71237184 6.47788539
1651 12.65291757 9.01788654
1599 5.11829021 71.50853692
1600 5.21800735 72.12185663
1618 6.52026560 48.28181195
1551 12.35102553 7.15719497
1592 5.42898511 83.04384229
1586 7.42289763 89.73247958
1573 10.74162551 4.03747660
1574 10.75412426 3.97425906
1643 10.60426840 17.21631269
1463 11.09817387 4.82006268
1566 11.29945831 4.68150915
1550 12.43822749 6.79079486
240 10.36556690 3.56673087
1507 6.84621650 49.20163219
1585 6.84725727 89.14910334
1470 10.56934749 4.00496636
1540 10.65846194 16.48822658
1567 11.31570391 4.59585362
1467 10.73743235 4.06699410
1644 10.63656903 17.07606289
1577 21.79729774 97.27665662
1526 10.18593884 20.71489537
1611 5.76428003 58.94133461
1466 10.74391840 3.85974180
1444 11.97209125 8.41206022
1360 10.82198672 4.18838736
1460 11.31539159 4.64279869
1523 10.78218626 17.10952956
1544 12.26698512 9.90337779
1471 10.76751638 3.82099550
1559 11.82682440 5.14490724
1456 11.65917211 5.35370984
1533 9.92139466 20.85778191
1636 9.12786248 24.33417946
1522 11.10290789 14.89066051
1555 12.52313909 6.52321498
1459 11.32221624 4.42263809
224 10.44723736 3.40062994
1493 5.35335838 80.71535690
1560 11.84275368 5.04735338
255 11.09535730 3.56389833
1637 9.12603468 24.31242709
1543 12.49636608 9.10582977
1500 6.17056000 61.66714451
1464 11.35845410 4.32809506
1353 11.40174904 4.72418532
1486 7.55453917 88.69823162
1468 10.81618439 3.57725036
208 10.31741806 3.23275103
1365 10.66574231 3.58300141
1469 10.82119839 3.53625060
1604 5.17326548 72.30230416
1453 11.86239579 5.10536956
1527 11.15740627 14.66980012
1537 10.45864115 17.68368535
1362 10.83947659 3.60778469
192 10.34201383 3.14516856
1437 11.25234082 13.11195586
1597 5.60603362 83.67998191
1361 10.81901802 3.47869146
1452 11.86339543 4.85905879
176 10.35622219 3.08192540
1366 10.84403916 3.45632313
1358 11.25572520 4.09229204
1255 10.92776727 3.70473021
160 10.36500583 3.03423360
1548 12.51151547 9.04273031
144 10.36831516 3.01590111
128 10.36922153 3.00822077
112 10.36992666 3.00103885
1622 7.75018031 37.32673958
96 10.37047814 2.99626405
1536 10.57943101 17.12426468
48 10.37415012 2.96808591
1260 10.71951417 3.33217907
1461 11.43057739 3.97129901
80 10.37101256 2.99231591
64 10.37193119 2.98603900
1519 8.56914072 33.12694147
254 11.71420034 3.74260651
1457 11.90153247 4.74732195
1462 11.43775447 3.91884841
32 10.37466920 2.96417730
1449 12.17262779 6.62958498
1363 10.87286245 3.30773682
16 10.38374554 2.96151317
239 11.05795989 3.16108895
1364 10.87362288 3.28249323
1530 9.68636842 22.20903538
1257 10.89684211 3.34076100
1623 7.75530786 37.26934249
1256 10.86576941 3.25757339
1346 11.87388678 5.75722632
1355 11.45370877 3.99230913
1155 10.74076324 3.22956216
1430 10.45861458 17.70700110
1261 10.88877468 3.24581252
1590 7.09396028 89.39912173
1354 11.43765929 3.84796059
1150 10.96628737 3.52237628
1552 12.75147865 5.72731843
1050 10.74484185 3.19614897
1258 10.90505709 3.15492791
1259 10.90371252 3.13910316
1359 11.46726349 3.80138490
223 11.09208706 3.05838996
1151 10.88768718 3.15040911
945 10.74561751 3.17864810
1152 10.92027806 3.22630988
1156 10.90827563 3.14907516
840 10.74721447 3.16261183
1553 12.78016424 5.62165510
1541 10.54154303 17.27716592
1248 11.48737746 4.32677500
1423 10.11106578 20.79219989
1529 9.58046504 22.49682408
735 10.74998968 3.14252879
630 10.75636434 3.09838778
525 10.77150028 2.97006959
1153 10.91886206 3.08337896
1351 11.77453126 4.80727358
1154 10.91686166 3.07050651
1253 11.31470293 3.81333323
1046 10.89472948 3.10679488
207 10.95935477 2.94457387
420 10.77214324 2.93802948
1045 10.97057454 3.47343127
1047 10.92541649 3.18696330
1454 11.97228341 4.33721209
1051 10.91363613 3.11223252
316 10.77393295 2.91375197
253 12.21683925 3.93903427
1524 11.52458801 12.41583187
941 10.89673756 3.08655629
1048 10.92272580 3.05539451
1049 10.92076241 3.04293938
191 10.96642534 2.91214135
1455 11.97880619 4.27753749
946 10.91516972 3.09385732
942 10.92655287 3.16720046
836 10.89840171 3.07050982
944 10.92221871 3.02781520
943 10.92411590 3.04003906
1356 11.50816328 3.59570569
175 10.97127422 2.88679288
731 10.90101518 3.05026371
841 10.91694828 3.07723382
940 10.97018832 3.44834917
839 10.92394685 3.01282104
1525 11.58712468 12.00921030
626 10.90599685 3.01160072
838 10.92587152 3.02467717
837 10.92849627 3.14837061
1357 11.51042240 3.56388498
521 10.91372198 2.93492493
1416 9.65588719 25.43345814
736 10.91988959 3.05487754
159 10.97475392 2.86287444
416 10.90858057 2.90263258
734 10.92675329 2.99118877
733 10.92875507 3.00257253
631 10.92556812 3.01029654
629 10.93156763 2.94956608
314 10.90829275 2.88032652
732 10.93190029 3.12318013
1615 6.60013765 48.04173899
143 10.97598307 2.85371871
526 10.93376845 2.92490122
628 10.93382959 2.95947046
1446 12.55163085 6.23082448
524 10.93460244 2.89785061
523 10.93780452 2.90068843
627 10.93913988 3.06972284
127 10.97666866 2.84811351
418 10.94000044 2.87456282
522 10.95298092 2.94192813
419 10.94494354 2.86527302
111 10.97749757 2.84142067
835 10.97276356 3.42106163
421 10.95164788 2.88365229
95 10.97810975 2.83662935
47 10.97983312 2.82255043
417 10.95835221 2.90203156
79 10.97872162 2.83153773
63 10.97913670 2.82610588
238 11.70213497 3.29022864
1250 11.50747898 3.73366561
730 10.97794131 3.38500675
1442 11.75739994 10.46171642
1249 11.49044396 3.59084840
315 10.97429405 2.86771829
625 10.99116497 3.29752364
520 11.02662875 3.00719794
1348 11.96280611 4.61043781
31 10.98482886 2.82341214
1512 7.31254474 44.65230157
415 11.03317995 2.94727856
1254 11.51272286 3.57894142
1347 11.96232954 4.33781943
1148 11.32231907 3.73631523
313 11.02976055 2.89941621
1445 12.67190534 5.71946840
15 11.03689207 2.82234375
1616 6.60217259 47.98862511
1534 9.67617475 22.16680244
1143 11.49107376 4.23950810
1352 11.98600245 4.31127559
1251 11.53937165 3.43809762
1339 11.91843625 8.35040838
1516 8.09635357 36.46072005
1252 11.54024563 3.41231025
1545 12.73044015 8.26242460
1043 11.32189674 3.69931565
222 11.74213430 3.15380789
1144 11.50530891 3.49600631
1145 11.51669516 3.65362294
1450 12.70281509 5.66180646
1149 11.52337900 3.50078334
1546 12.77119520 8.11898335
938 11.32555567 3.65974866
1146 11.54701896 3.37819403
1147 11.54813293 3.35272076
1246 11.78056167 4.68649460
1241 11.86521838 5.64767646
833 11.33327920 3.60588634
206 11.63986536 3.02424928
1039 11.50855410 3.45405496
1349 12.02900566 4.03542990
728 11.35313261 3.47470964
1038 11.48694780 4.19554281
1515 8.10165028 35.97601140
1040 11.51756112 3.61514710
1044 11.52554720 3.46373953
623 11.40548018 3.05225153
1350 12.03287172 3.98556953
1582 19.39639698 96.36887549
1608 5.84421140 58.93864617
518 11.41653967 2.95604509
1041 11.54919537 3.34725112
1042 11.55052638 3.32201652
190 11.64858198 2.98352533
934 11.51183021 3.41987137
413 11.41605543 2.90789441
312 11.41879360 2.85866420
237 12.23112518 3.40709312
1435 10.78687217 15.69119697
248 12.75877201 4.87492691
939 11.52913411 3.42869565
174 11.65338076 2.95765751
935 11.52146635 3.57551303
937 11.55410578 3.29070254
936 11.55282782 3.31517210
829 11.51837151 3.37152968
1344 12.16353881 6.47622644
1439 11.78379195 11.03096873
158 11.65640368 2.93456517
1417 11.32518950 13.92039933
834 11.53657217 3.37504911
724 11.53297601 3.26784632
832 11.56161020 3.23662230
831 11.56047064 3.26028001
142 11.65750504 2.92516562
933 11.49207324 4.13831299
1418 10.99782198 16.24148386
830 11.52973478 3.51699535
619 11.56077955 3.04590213
1242 11.98539285 4.17229924
727 11.57687786 3.12192229
729 11.55308286 3.25712255
126 11.65836525 2.91824389
726 11.57626317 3.14266837
514 11.57224365 2.94474731
1243 11.97248143 4.48574478
310 11.56118568 2.87742508
110 11.65966070 2.90840639
622 11.59509993 2.97346496
409 11.57269923 2.90205975
624 11.58272967 3.01849333
621 11.59669657 2.97640156
517 11.60054823 2.91456701
412 11.59754138 2.88758440
94 11.66128769 2.89607208
725 11.54939472 3.38159905
46 11.66358703 2.87260754
516 11.60235446 2.91601865
411 11.59943470 2.88844018
519 11.59181464 2.93401206
78 11.66305022 2.88178049
62 11.66362916 2.87599731
414 11.59080026 2.89738943
620 11.59230951 3.03611288
1421 10.43591631 19.79534198
515 11.60265205 2.94272185
1609 5.84543416 58.89412318
410 11.60216017 2.90252416
1247 12.00046309 4.18263217
1505 6.51043820 57.31703495
828 11.50352479 4.06112259
311 11.62897303 2.87501153
30 11.66743035 2.87138573
723 11.53525684 3.85875896
1538 10.56997656 17.10485161
1438 12.10142276 9.92278501
1141 11.77502578 4.62862818
618 11.62903224 3.10365452
14 11.71548284 2.87453156
1422 11.34789192 13.84357752
513 11.64419542 2.97610938
309 11.65830306 2.87622378
1409 8.25166393 37.43375242
408 11.64570649 2.92220726
1244 12.03885139 3.94037124
221 12.27433724 3.23999802
1245 12.04351500 3.88985247
1332 11.24672478 12.77868111
1539 10.58655694 17.02354772
1447 12.85971171 5.12996283
1498 5.31201205 78.85113622
1137 11.98806253 4.10406775
1428 10.27018920 19.41775072
1136 11.85006703 5.58627396
1509 6.84181011 47.91973758
1520 8.13489801 36.06318457
1448 12.88490908 5.03512650
1138 11.97017694 4.42472438
1142 12.00150995 4.12171144
1036 11.78151470 4.55383605
1578 15.79504585 95.00720380
205 12.19449009 3.10627519
1443 11.92364751 10.48334054
1139 12.04106823 3.88684436
1140 12.04629040 3.83634220
1341 12.55368329 6.05446671
189 12.20162807 3.07102350
1032 11.99340492 4.04178959
1601 5.19244725 73.24042942
1432 10.61297689 16.83782495
931 11.79657177 4.45217190
173 12.20480514 3.04989197
1037 12.00769099 4.05743271
252 13.40248695 4.12990483
1340 12.70696180 5.43059449
1035 12.05272708 3.77846076
1034 12.04760207 3.82756327
1033 11.97694098 4.35204779
157 12.20740637 3.02729786
826 11.83874022 4.18328737
1419 11.66231930 11.76850043
141 12.20884375 3.01567770
927 12.00609364 3.94984051
125 12.21062973 3.00276882
721 11.96265657 3.18943770
1508 6.83975379 47.32152009
1234 11.87494582 8.28281049
308 12.02865880 2.90454445
1420 11.72066429 11.36884938
109 12.21404692 2.97717805
930 12.06779328 3.67250154
932 12.02223909 3.95501930
929 12.06289182 3.72045096
93 12.21795840 2.94608337
45 12.22019993 2.92861935
77 12.21929515 2.93525995
616 11.98484971 3.00878789
61 12.21982052 2.93107514
1031 11.85906593 5.48140558
822 12.03711210 3.73442809
406 11.99879153 2.90835617
511 11.99021846 2.94463540
825 12.10139742 3.42354775
928 11.99283036 4.24271584
824 12.09747857 3.46660047
827 12.05749822 3.70814609
717 12.10085128 3.23138604
1531 9.76372952 21.80299444
720 12.14295884 3.09330543
1345 12.71939991 5.45552540
719 12.14408950 3.09552189
1239 12.14323880 6.39966394
1602 5.18349887 73.27651892
405 12.16397868 2.92520986
615 12.15687306 2.98003768
306 12.13910216 2.91930196
1337 11.59391831 10.67821469
232 12.78894254 4.30404397
612 12.12659799 3.02454073
510 12.16175435 2.94060708
1431 10.65527715 16.58790868
404 12.16545936 2.92506438
722 12.12529704 3.16899512
614 12.15818619 2.98076969
29 12.22444186 2.92806570
509 12.16307169 2.94087884
402 12.13913373 2.92726341
507 12.13461105 2.95513281
823 12.03398515 3.96646243
1325 10.67310798 16.74948182
617 12.14567492 3.00448524
407 12.15599823 2.92580020
512 12.15213474 2.94868521
1491 7.10602861 87.53602175
718 12.13208100 3.18229390
13 12.28369258 2.93153447
613 12.15355371 3.00887730
307 12.19831181 2.92238916
403 12.16488228 2.92492732
508 12.16003883 2.95031575
926 11.88009689 5.34555261
1532 9.76169079 21.79454785
1594 5.81284091 84.20816317
821 11.94385171 4.95667508
1436 10.65359856 16.60909438
305 12.23139140 2.91979983
1425 10.08225002 20.61704578
716 12.15808619 3.23327255
1502 6.11862729 60.02520631
1440 11.85775672 10.60579352
1318 10.32667225 20.03216848
611 12.18375573 3.02571354
1402 7.27674912 51.35337949
1342 12.86993519 4.98133856
506 12.19033785 2.95656614
401 12.19893779 2.92158131
216 12.82553172 4.14935966
1343 12.89755463 4.88151500
1441 11.88572783 10.49626789
1134 12.15407663 6.26724309
1236 12.54078019 5.97121875
1595 5.82028060 84.18117358
1312 11.50059799 13.24816554
1513 6.84063507 47.57789902
1235 12.70470354 5.32990738
1579 18.19594661 95.91498493
1334 11.51927304 11.53418232
1414 8.85176231 32.45774632
1129 11.89072410 8.09558799
200 12.76732273 4.06360405
1424 10.02639384 20.71157045
1240 12.71447611 5.36819481
1317 11.52907104 13.15937941
1313 11.19458569 15.56772633
1501 6.08400549 58.93058084
1311 9.91239184 24.79972283
1333 11.66008434 10.97315247
251 13.80656032 5.65553517
1330 10.91920176 15.02615909
1227 11.30762379 12.36709607
184 12.78384231 3.99564373
1495 5.29133888 77.91902588
1029 12.18088847 6.09396161
236 13.47222983 3.52709322
1315 11.89202945 10.66224637
1314 11.83628189 11.06363752
168 12.81341141 3.81343984
1395 5.33268521 79.78324656
152 12.85225795 3.49958900
1338 11.59099626 11.20668264
136 12.86488205 3.39775818
1237 12.86899528 4.90396230
120 12.86867369 3.36727819
104 12.87135735 3.34564888
1238 12.89794460 4.80345831
924 12.26335075 5.59139026
1232 11.58083539 10.51849614
1131 12.55201876 5.84369905
88 12.87177538 3.34234253
1130 12.71243985 5.22473569
1429 10.07466692 20.57095260
40 12.87236880 3.33807959
72 12.87201050 3.34049185
56 12.87215691 3.33939190
1316 10.66923427 19.14681936
304 12.75503565 2.95703121
1024 11.92666906 7.87779110
1517 8.19898130 35.83232936
819 12.54058702 3.36456460
1135 12.72453041 5.25624977
399 12.61980786 2.94533322
714 12.57705410 3.07292457
1433 10.68441730 16.44729563
24 12.87262023 3.33782934
609 12.58728255 2.98479468
504 12.59579002 2.95029090
1434 10.69254163 16.40154951
1025 12.73589946 5.05854113
1132 12.88038068 4.79822277
1518 8.20669018 35.75282226
1026 12.58103564 5.65072611
8 12.88255667 3.33807007
220 13.51607062 3.34747883
1133 12.90913262 4.70031456
1587 7.09396028 89.39912173
919 12.04792557 7.18347638
1030 12.75173996 5.06975264
1327 10.75745938 16.14420333
1323 10.45666014 18.71965450
1207 11.81035401 11.84440564
1494 5.24999255 76.05480520
1210 12.22965085 8.53485731
920 12.79827498 4.63401931
1506 6.10131639 59.47789357
1335 11.57928677 11.17821307
1209 12.17895022 8.97344212
921 12.66281602 5.11696043
1027 12.90983407 4.59681958
1479 20.59684736 96.82276606
1028 12.93828479 4.49999067
814 12.52607412 3.32641201
925 12.82322223 4.57786932
1336 11.59363142 11.11271314
1212 11.86790056 11.50538590
1220 10.79981481 16.26581203
815 12.93760074 3.53400923
302 13.05401695 2.97321886
1229 11.47424972 11.44575532
204 13.48315147 3.23380031
816 12.87954916 3.38139890
1326 10.77687351 15.96189937
820 12.97176004 3.39574331
709 12.55912569 3.06186855
922 12.98184131 4.07247672
710 12.98828088 3.13119161
923 13.00857568 3.98262820
395 13.02638692 2.97226497
250 14.06837075 6.05325293
1127 11.61804251 10.26147727
394 12.60164525 2.94393487
605 13.00306689 3.01694031
711 12.91656725 3.08696756
1228 11.54415829 11.09280436
500 13.01151021 2.98118303
396 12.95373650 2.96667156
715 13.00981287 3.09351512
604 12.56844290 2.98087760
400 13.04558639 2.97260287
1122 11.37328181 12.03723789
1488 6.99390097 87.24546928
817 13.08276174 3.26943106
818 13.09813022 3.27182179
606 12.92770831 3.00127197
499 12.57692206 2.94810837
610 13.02142972 3.00659224
1388 7.33028389 88.11712668
501 12.93603838 2.97245290
505 13.02972090 2.97880365
301 12.92739743 2.96634029
397 13.14132744 2.97788352
398 13.15663575 2.97887207
1208 11.56369683 14.13689476
712 13.10904954 3.06129495
1411 8.33540426 36.05735920
713 13.12459048 3.06238621
188 13.48677270 3.21020919
502 13.12600036 2.98171656
503 13.14161411 2.98277502
607 13.11789371 3.00067772
608 13.13351395 3.00156443
1233 11.51809865 11.20329723
303 13.16306897 2.97908866
1105 12.65986301 5.05992192
172 13.48910821 3.19049137
1331 10.77965712 15.98491952
1588 7.01172595 89.31578226
1104 12.65986301 5.05992192
156 13.49241269 3.16382342
140 13.49567548 3.14082067
1225 11.01164031 14.62344729
1407 7.90091580 45.92757267
124 13.50193914 3.09476645
108 13.51024769 3.02873376
235 13.97295325 4.48601041
1102 12.47763802 6.53761304
92 13.51274220 3.00898905
44 13.51586107 2.99839012
76 13.51366922 3.00242886
60 13.51445218 2.99990689
1022 11.76189661 9.46212437
1000 12.80306905 3.89894606
1213 10.59471299 19.39256970
1410 8.39123115 35.13976372
1107 12.56875051 5.79876748
1583 16.99549623 95.46109437
1426 10.11687353 20.39346020
999 12.80929540 3.84846884
28 13.50779252 2.99770682
1230 11.52711815 11.11982362
1231 11.53588794 11.07133201
1124 11.51024234 11.15766178
895 12.84537179 3.55611622
1320 10.28508280 19.94657574
1123 11.55417665 10.86940281
1017 11.60771277 10.79023174
1427 10.11535691 20.38424156
917 12.52607412 3.32641201
894 12.84749014 3.53894912
12 13.55795151 3.00012080
1499 5.27066572 76.98691554
1304 8.52508249 40.50176584
790 12.87135735 3.34564888
1211 11.10396827 18.03437550
1128 11.54628458 10.92619438
997 12.74080556 4.40371817
1103 12.56875051 5.79876748
1002 12.77193730 4.15133211
789 12.87135735 3.34564888
812 12.55912569 3.06186855
685 12.87177538 3.34234253
1510 6.84063507 47.57789902
1487 6.43326277 85.79270694
1328 10.80019892 15.88051263
580 12.87201050 3.34049185
684 12.87177538 3.34234253
707 12.56844290 2.98087760
1206 10.39758253 24.22434537
497 12.60164525 2.94393487
602 12.57692206 2.94810837
1415 8.36331771 35.59856146
1329 10.80463847 15.84865586
1319 10.24349334 19.86098300
475 12.87215691 3.33939190
1222 10.83081956 15.91655199
579 12.87201050 3.34049185
1019 11.62111600 10.56369170
1125 11.56722631 10.79781204
912 12.52607412 3.32641201
1018 11.63005148 10.41266500
892 12.82842495 3.69345297
392 12.92739743 2.96634029
219 14.01623157 4.26114708
1126 11.57443476 10.75151856
1115 11.20251286 14.23116693
897 12.83689837 3.62478459
370 12.87236880 3.33807959
474 12.87215691 3.33939190
1511 6.84034131 47.49243938
1023 11.62558374 10.48817835
1221 10.86182432 15.56729194
1120 11.40511281 12.51069933
369 56.42598468 4.31766780
787 56.36827421 4.33567215
792 56.36957243 4.34394093
807 56.30867446 4.03828509
998 56.34594426 4.07550821
913 56.30531624 4.04170725
1218 56.28979616 4.01827354
914 56.30616405 4.04180118
1324 56.28744641 4.01514796
1020 56.30277278 4.04142544
1021 56.30277278 4.04142544
918 56.30616405 4.04180118
1226 56.29003545 4.02674995
682 56.37871983 4.40038010
687 56.38017446 4.41043443
702 56.31848185 4.04617098
808 56.31015342 4.04186036
809 56.31062198 4.04103251
203 56.27941894 4.01099502
249 56.31551766 3.92043680
300 56.34384760 4.06596132
597 56.32776512 4.06335166
813 56.31113003 4.04174922
915 56.30701187 4.04189512
916 56.30701187 4.04189512
1400 56.41207235 4.07292662
703 56.31646281 4.04350607
492 56.33261891 4.09700927
577 56.39770420 4.41709445
582 56.39955132 4.42802522
704 56.31792506 4.04442767
598 56.32261911 4.04659032
1309 56.29417724 4.02484972
708 56.31777980 4.04397289
493 56.32724464 4.04992478
599 56.32473719 4.05108931
387 56.33791229 4.10741513
810 56.31253003 4.04223536
893 56.37405118 4.16392671
811 56.31261470 4.04235481
494 56.32916772 4.06165173
603 56.32394730 4.04789044
287 56.43342651 4.31720523
472 56.41835368 4.40658987
388 56.33102516 4.04829869
477 56.42069887 4.41818109
498 56.32826742 4.05242802
705 56.31897575 4.04406073
234 56.29625596 3.94963881
187 56.28291048 4.02577758
706 56.31895154 4.04398494
389 56.33326060 4.06230768
1106 56.31388494 4.04085191
600 56.32461725 4.04652483
393 56.33204711 4.05054052
601 56.32448560 4.04599168
495 56.32853994 4.04724485
496 56.32838989 4.04570756
1015 56.29721949 4.02936517
1108 56.29670475 4.02693106
298 56.33876274 4.05194891
367 56.42500068 4.32219103
372 56.42755347 4.33295863
1404 56.30751487 4.04135835
390 56.33205783 4.04297638
391 56.33185558 4.04101518
171 56.28813283 4.03415434
788 56.37087064 4.35220970
1010 56.29711914 4.02831861
1223 56.29003545 4.02674995
1117 56.29317905 4.02868455
155 56.29397705 4.03870890
1224 56.29003545 4.02674995
286 56.42284711 4.28708614
139 56.30022932 4.04114363
1116 56.29239315 4.02820090
123 56.30641379 4.04221168
683 56.38162909 4.42048876
107 56.31279722 4.04242305
299 56.34728996 4.05784275
91 56.31892024 4.04179468
297 56.34893246 4.07997373
910 56.30723990 4.03678424
43 56.32538506 4.01131141
75 56.32399971 4.03902805
59 56.32687229 4.03064146
1121 56.29317905 4.02868455
578 56.40139843 4.43895598
1215 56.29057941 4.01931540
1492 57.40339911 4.87092453
1403 56.30751487 4.04135835
1321 56.28744641 4.01514796
805 56.31729420 4.04543969
27 56.35417468 4.04160562
905 56.30816151 4.03703854
1503 56.48769982 4.06959792
1001 56.33727203 4.06663857
1113 56.29640342 4.02659188
473 56.42304406 4.42977231
1297 56.35074921 4.05930410
1101 56.31710581 4.04341331
1322 56.28744641 4.01514796
700 56.32683515 4.06382847
1012 56.29814891 4.03038633
11 56.36222582 4.04593258
1118 56.29396495 4.02916821
1011 56.29731983 4.03041172
595 56.33201024 4.09915260
1119 56.29396495 4.02916821
218 56.29202435 3.98947373
1214 56.28979616 4.01827354
368 56.43010625 4.34372623
1412 56.29013070 4.01801172
1016 56.29841754 4.03092574
490 56.33754229 4.11084098
800 56.32022631 4.04864558
1003 56.31066407 4.03829051
1504 56.48769982 4.06959792
907 56.30664808 4.03605916
1219 56.29057941 4.01931540
906 56.30488372 4.03502908
1413 56.29013070 4.01801172
896 56.35997324 4.13538939
695 56.33172301 4.07513720
1013 56.29973911 4.03188926
1014 56.29978388 4.03197916
911 56.30625327 4.03580366
590 56.33667876 4.13022349
385 56.34641145 4.09543005
802 56.31577998 4.04395837
801 56.31317443 4.04150250
1008 56.30758103 4.03577369
1408 56.30751487 4.04135835
202 56.27945280 4.00380956
806 56.31462007 4.04273561
908 56.30729381 4.03636534
485 56.34293399 4.14909673
909 56.30722801 4.03632276
1306 56.29552609 4.02712905
697 56.32426764 4.05928409
696 56.32101732 4.05299654
791 56.36437957 4.31086583
701 56.32232276 4.05514850
591 56.32673306 4.07022504
592 56.32958910 4.08454637
898 56.32859981 4.05776894
803 56.31509912 4.04294977
804 56.31490580 4.04274597
1393 56.71272181 4.24236022
296 56.35649946 4.06874524
596 56.32773963 4.07263059
486 56.33178059 4.07601109
1110 56.29659169 4.02588269
487 56.33481042 4.09133354
1397 56.47884790 4.09446998
698 56.32200747 4.05385413
699 56.32168332 4.05316486
186 56.28267575 4.01745499
491 56.33269122 4.07626488
593 56.32720496 4.06510634
1305 56.29417724 4.02484972
594 56.32689672 4.06312038
686 56.37435593 4.37021711
380 56.35293861 4.13902892
996 56.34594426 4.07550821
903 56.32097571 4.04988994
381 56.33736327 4.06728748
1199 56.32653982 4.04966448
488 56.33183586 4.06396146
382 56.34123403 4.08128123
489 56.33148266 4.06145002
386 56.33818066 4.06621661
1484 57.39656010 6.63121847
170 56.28767775 4.02529900
1216 56.29136266 4.02035726
294 56.34528964 4.05902584
247 56.31980027 3.93341451
1109 56.29538637 4.02452597
383 56.33645357 4.05259189
384 56.33594467 4.05008112
793 56.34589529 4.10685207
154 56.29296776 4.02937564
1217 56.29136266 4.02035726
581 56.39216286 4.38430214
138 56.29855921 4.03164000
1204 56.31733441 4.04484635
798 56.33385185 4.08236972
1114 56.29656220 4.02560921
233 56.29806692 3.94636514
122 56.30453481 4.03291320
293 56.36198293 4.10127730
106 56.31061807 4.03354545
295 56.35226087 4.06468509
90 56.31633599 4.03360010
688 56.35009922 4.21990933
42 56.32243623 4.00528379
476 56.41131811 4.37181622
74 56.32102534 4.03162883
1302 56.33319003 4.05475604
1310 56.29552609 4.02712905
58 56.32374237 4.02372518
693 56.33907632 4.15049989
1005 56.30658706 4.03437510
588 56.34604997 4.17627453
1396 56.47339549 4.08654915
583 56.35835498 4.25961947
284 56.49222354 4.46246524
26 56.34951004 4.03375214
1496 56.93831734 4.22268138
891 56.37405118 4.16392671
1004 56.30391751 4.03199202
288 56.40913013 4.22638539
1111 56.29771344 4.02646454
1009 56.30552349 4.03335369
10 56.35735910 4.03975549
371 56.41635835 4.29441146
900 56.31858073 4.04816239
483 56.35627048 4.17439591
1112 56.29770853 4.02641896
478 56.37184462 4.26406370
285 56.44400591 4.34732432
1290 56.53751408 4.17896999
899 56.31410101 4.04325530
795 56.32987716 4.07743732
378 56.36588034 4.15023594
904 56.31596706 4.04565633
373 56.38552103 4.24431282
1497 56.93831734 4.22268138
786 56.37476528 4.37701602
1006 56.30624316 4.03386419
1007 56.30606589 4.03369396
690 56.33559617 4.13094143
794 56.32393725 4.06511988
217 56.29399807 3.98466795
799 56.32569852 4.06976391
1401 56.47884790 4.09446998
585 56.34244203 4.15185726
689 56.33045098 4.10136683
901 56.31565505 4.04596898
694 56.33181277 4.10773242
902 56.31521944 4.04555131
292 56.36475973 4.09480526
1307 56.29687494 4.02940839
1405 56.30751487 4.04135835
584 56.33686094 4.12010737
681 56.38599299 4.45065175
480 56.35091139 4.15084324
796 56.32397759 4.06801342
589 56.33829083 4.12374538
797 56.32328115 4.06673452
1308 56.29687494 4.02940839
1099 56.34799183 4.08119675
479 56.34402822 4.12009510
375 56.35834413 4.13368868
1201 56.31431965 4.04600262
691 56.33002172 4.09475715
484 56.34545055 4.12130746
692 56.32939115 4.09088898
1406 56.30751487 4.04135835
289 56.38218821 4.15895590
374 56.35013706 4.10511769
586 56.33626138 4.10395681
201 56.28181902 3.99865081
576 56.40693977 4.47174829
1200 56.30835760 4.04146124
587 56.33556951 4.09927150
379 56.35125450 4.10483021
481 56.34232217 4.09790669
290 56.35473187 4.08570438
482 56.34141203 4.09298406
1390 56.90033488 4.34400518
1299 56.33119465 4.05986926
1094 56.36991336 4.09642856
376 56.34646393 4.08049400
377 56.34528232 4.07568425
471 56.43007963 4.46454596
185 56.28509667 4.01202238
1205 56.31113178 4.04504736
291 56.36242150 4.09183401
169 56.28968870 4.01931414
1298 56.32228106 4.05529952
153 56.29496311 4.02350304
1480 57.59108362 7.59123884
246 56.32614040 3.95038918
1381 57.20203659 5.67119810
366 56.44188615 4.40208745
137 56.30054431 4.02600459
121 56.30643684 4.02775604
1192 56.43130567 4.13254891
994 56.37784303 4.17874383
105 56.31234140 4.02940856
231 56.30218482 3.95884370
89 56.31780934 4.03048115
41 56.32382425 4.00227499
73 56.32240619 4.02845284
1295 56.49017322 4.15816010
57 56.32512217 4.02049337
1389 56.88792953 4.30575045
1303 56.32609345 4.06001669
1202 56.31124940 4.04783741
1481 57.62350421 7.75124223
25 56.35034441 4.03084175
1203 56.31071809 4.04767820
9 56.36053738 4.04474571
1096 56.33954069 4.08224278
1095 56.32811788 4.07165348
1197 56.38478433 4.11064618
1489 57.40339911 4.87092453
1100 56.33161739 4.07854214
889 56.37947565 4.40893515
282 56.43964577 4.32759360
989 56.41249318 4.23472154
1398 56.48430031 4.10239081
1097 56.32851415 4.08234693
1394 56.90033488 4.34400518
1098 56.32719360 4.08173016
281 56.54480131 4.59733687
364 56.47112780 4.45377600
1399 56.48430031 4.10239081
990 56.34698472 4.13758325
784 56.39158004 4.49412686
215 56.29811597 3.99714651
1490 57.40339911 4.87092453
991 56.36294073 4.16881807
995 56.35001400 4.15162587
1300 56.32565486 4.06485671
679 56.41406328 4.52297629
1301 56.32480466 4.06488128
283 56.44902570 4.33009749
992 56.34227101 4.15134164
1292 56.51585564 4.18281073
993 56.34011656 4.14847627
885 56.35466032 4.25662938
199 56.28608415 4.01117372
1194 56.37414334 4.11853971
884 56.40900133 4.59316007
574 56.43944595 4.52325313
886 56.36737926 4.34156717
890 56.35652133 4.27593424
1580 57.84234079 12.60627758
363 56.40662456 4.25252302
245 56.53298832 3.98977861
362 56.41070927 4.26528866
1193 56.35313398 4.10296106
1291 56.50169991 4.16296140
887 56.34933405 4.24054500
888 56.34752440 4.22960617
780 56.36470224 4.32292230
360 56.42356973 4.31949440
183 56.28943882 4.02419353
469 56.45863899 4.48798397
365 56.42735127 4.32430564
785 56.36727817 4.33442844
167 56.29473379 4.03239150
1198 56.35923143 4.11488514
781 56.37902301 4.41188598
783 56.35810926 4.26847704
782 56.36006673 4.28138663
675 56.38002043 4.34873727
361 56.45185950 4.40089949
1092 56.43598415 4.27968958
151 56.30073384 4.03852498
1386 57.16087248 5.38130617
1581 57.84234079 12.60627758
1485 57.62350421 7.75124223
135 56.30665272 4.04520122
680 56.38338850 4.35558818
678 56.37189288 4.28115872
468 56.39681749 4.26318534
570 56.39718923 4.35163810
677 56.37437016 4.29470545
119 56.31240405 4.05199995
1296 56.51020561 4.18381266
467 56.40049825 4.27648267
465 56.41189183 4.33650474
230 56.30828110 3.97516550
103 56.31847873 4.05491057
676 56.39825218 4.43686855
573 56.38564780 4.27745172
779 56.42404489 4.70880654
39 56.33184677 4.02593278
572 56.38876188 4.29117142
87 56.32449608 4.05512462
575 56.40076075 4.35570401
470 56.41539694 4.33973704
71 56.32963530 4.05224033
55 56.33273068 4.04370784
571 56.41944521 4.43802222
1087 56.51164681 4.38242952
23 56.36263002 4.06536199
466 56.43748150 4.41952104
1195 56.35290228 4.12376375
1196 56.35041696 4.12315465
1283 56.97248386 5.07870538
674 56.45522964 4.74844332
359 56.54580775 4.69450927
7 56.37561579 4.07969406
1088 56.38381247 4.22191767
1089 56.41465208 4.27656193
569 56.49106900 4.75357533
1391 56.91274023 4.38225991
987 56.43102936 4.72115082
1093 56.38934911 4.24894430
1185 56.70560815 4.64749274
214 56.30421225 4.01346831
1190 56.58949648 4.47368179
1293 56.51400296 4.20549886
1392 56.91274023 4.38225991
464 56.52213898 4.72535970
1294 56.51306129 4.20566584
1090 56.37379994 4.25295623
1288 56.86304727 4.81572960
1091 56.36958278 4.24835329
198 56.29274869 4.02741717
983 56.39172961 4.45316123
1382 57.30809700 5.39401503
1383 57.27822990 5.59356237
988 56.39466628 4.49390718
244 57.04204406 4.07493341
984 56.41487818 4.62285008
882 56.44818553 4.86805992
982 56.49235713 5.11713118
182 56.29685995 4.04127243
229 56.50717333 4.01303995
1186 56.55123447 4.39112311
986 56.37739105 4.40571025
985 56.38075970 4.42720073
166 56.30300465 4.05224563
1187 56.59136633 4.48691741
357 56.62134075 4.82108780
150 56.30922275 4.06478703
878 56.40506879 4.57606502
134 56.31473087 4.07821708
1191 56.56156411 4.44502820
118 56.32101479 4.08422961
102 56.32791132 4.08627456
777 56.48540823 4.92103529
883 56.40958892 4.60123662
881 56.39220823 4.47784168
86 56.33467385 4.08592503
38 56.34208826 4.05168126
880 56.39585837 4.50260277
70 56.34040325 4.08264082
54 56.34377143 4.07324048
1284 56.91104981 4.72099067
879 56.43148975 4.74980315
1285 56.93085482 4.87780030
773 56.42951027 4.62507441
776 56.41427142 4.50463991
22 56.37461930 4.09169657
775 56.41894623 4.53041275
1387 57.29810642 5.57330957
778 56.43591528 4.64217569
672 56.52912930 4.93372320
1188 56.54705858 4.46402561
356 56.47319862 4.40718539
1189 56.54209154 4.45704407
671 56.43851293 4.50932275
213 56.50200414 4.05264670
353 56.52043436 4.55825470
668 56.45907402 4.63926212
280 56.51366742 4.44385748
461 56.47537041 4.47285535
355 56.48263519 4.43296513
670 56.44440203 4.53538649
462 56.60472617 4.89448914
566 56.46052984 4.49994411
460 56.48362380 4.49889221
6 56.40440224 4.13557805
774 56.46396414 4.79681275
565 56.46764706 4.52592615
358 56.52512619 4.56005927
673 56.46646079 4.65248366
278 56.49570912 4.43296658
1085 56.56380202 5.41030523
1289 56.91999506 4.82539028
458 56.51105140 4.61290076
563 56.48795394 4.63355644
567 56.57069530 4.91903055
877 56.51544290 5.31930819
463 56.51797107 4.62098862
568 56.49559355 4.64469639
669 56.50179543 4.80886611
197 56.48325796 4.06558270
354 56.58174557 4.71473774
1081 56.55597421 4.87559481
279 56.51333526 4.44785832
459 56.56749141 4.77720975
564 56.53829688 4.80058862
181 56.48816350 4.08493320
1086 56.56083258 4.96151577
1082 56.57784820 5.22565520
1482 57.65592479 7.91124563
165 56.49462633 4.10944863
772 56.57148476 5.38958815
1084 56.54867532 4.78329729
1080 56.64307473 6.23818968
1083 56.55151126 4.82732053
149 56.49984350 4.13699544
133 56.50646672 4.14868043
1286 56.91989052 4.88611486
1483 57.65592479 7.91124563
117 56.51449631 4.15313970
243 57.57603312 4.25628229
228 56.99665000 4.09491957
101 56.52303376 4.15432653
1287 56.91808056 4.87737986
85 56.53121937 4.15345501
37 56.53928233 4.11092491
69 56.53806094 4.14936274
53 56.54182896 4.13727407
667 56.63724488 5.40833216
976 56.57521506 5.11505992
21 56.57826719 4.16712830
352 56.79878656 5.30767184
1384 57.30467960 5.73572677
979 56.57194491 4.92118613
980 56.59103807 5.67605987
978 56.57534729 4.97042639
981 56.58378714 5.16584382
1385 57.30799235 5.73235130
277 56.66967735 4.81891180
562 56.70199296 5.39817551
5 56.63457045 4.25224736
1183 56.77723538 6.85636885
457 56.75731936 5.37605740
212 56.98870516 4.13961231
977 56.60420144 5.46128540
874 56.61115083 4.97168261
873 56.61668172 5.02241882
871 56.61890833 5.20592008
1179 56.88450046 5.74942889
876 56.63162225 5.24100997
196 56.95164669 4.15829334
769 56.65629801 4.98633509
875 56.66080373 5.76928941
768 56.66427235 5.03748909
1184 56.88845971 5.93034825
1180 56.87101238 6.47885992
766 56.67404553 5.23592449
1178 56.80413094 8.58148797
180 56.95496695 4.20497459
664 56.70053291 4.98356869
872 56.66480760 5.54542722
771 56.68909477 5.26459180
663 56.71100409 5.03477457
164 56.95855971 4.26202556
559 56.73817652 4.96238757
1182 56.90986629 5.56275595
1181 56.90695840 5.65417456
349 56.74338222 4.76284511
454 56.75808079 4.89626121
558 56.75087539 5.01368299
148 56.96610792 4.28413664
661 56.73104367 5.23934352
132 56.97638992 4.29241638
348 56.75988158 4.81063582
453 56.77338379 4.94772484
227 57.51010102 4.26929349
276 56.75838724 4.85446155
975 56.68245626 6.59381149
770 56.74388027 5.79743820
116 56.98782372 4.29529854
666 56.74720183 5.26507374
274 56.76949832 4.82323020
100 56.99938435 4.29573125
556 56.78219558 5.22519661
84 57.01026343 4.29411516
36 57.02156758 4.23754798
242 58.15805958 4.58476096
68 57.01958437 4.28811301
767 56.73694076 5.57151583
52 57.02463987 4.27163866
451 56.82146802 5.17601714
561 56.79828266 5.24767836
1281 56.93085381 9.86658995
346 56.81803979 5.02975995
456 56.83568339 5.19053007
275 56.81634222 4.86497830
351 56.83020908 5.03967467
1277 57.18995213 7.55085042
20 57.07198873 4.32370929
665 56.82796757 5.79585442
662 56.81002892 5.57230902
560 56.90202161 5.77883321
211 57.49870123 4.34783403
1074 56.91085317 6.21780248
455 56.96657494 5.72222144
557 56.87447588 5.55545089
1077 56.94854037 5.82504669
1276 56.79847838 13.46743146
1076 56.94692084 5.92379590
452 56.92750136 5.49931185
1278 57.10366822 9.07538191
4 57.17135402 4.49036876
1282 57.18328296 7.92962986
870 56.79201809 6.71236000
350 56.93213587 5.42475903
1079 56.92483818 6.31767223
195 57.43912662 4.40785472
347 56.92920523 5.32641894
1078 56.82372708 7.33100448
179 57.43810293 4.52519873
1075 56.91512100 6.91016753
1375 57.37270607 11.44421709
1379 56.83123085 16.18133650
1279 57.24295941 7.35361592
972 57.02289352 5.91521353
1280 57.25622853 7.16265724
163 57.44730213 4.56608730
971 57.02577815 6.01587150
147 57.46262918 4.58051704
969 56.99398175 6.38182619
131 57.47987247 4.58574383
765 56.92035041 6.74805794
115 57.49746658 4.58742600
226 58.06974185 4.58513837
1473 57.20191303 19.54488528
99 57.51470639 4.58711286
241 58.63884156 5.15550511
974 57.01709153 6.45049377
83 57.53170485 4.58414982
35 57.54972281 4.50033081
67 57.54612680 4.57489402
51 57.55399440 4.55049185
867 57.11003355 5.94334111
1374 56.32250808 23.63236095
866 57.11790044 6.04449651
273 57.10126117 5.60457641
1376 57.12895050 14.53514915
1477 56.09457545 29.28878347
864 57.10122627 6.43545981
660 57.05086609 6.75004425
19 57.63051647 4.64572086
1380 57.33932678 12.16196347
762 57.19770811 5.94721490
973 56.96224854 7.48792036
970 57.03439931 7.05444158
869 57.12923058 6.49286665
210 58.03640527 4.85828435
761 57.21063608 6.04847600
555 57.16654988 6.73524562
657 57.28007642 5.93364326
759 57.21398673 6.44858404
656 57.29734509 6.03497394
1073 56.87787182 9.18139949
342 57.36658104 5.51108466
194 57.95414643 5.03380189
552 57.35222240 5.88474942
450 57.27947023 6.68297534
764 57.24463134 6.50168277
1472 54.75930524 44.68910417
341 57.39656156 5.60559511
1172 57.22684524 8.45399127
447 57.38972688 5.75562755
865 57.17643193 7.09979904
551 57.37461553 5.98620881
178 57.96661586 5.10207536
3 57.81529594 4.97261869
270 57.40225664 5.62728012
272 57.35003893 5.68431004
868 57.12631570 7.53663032
654 57.31990203 6.44160043
1175 57.32541216 7.65139857
1377 57.48126105 10.90205511
1378 57.51632376 10.50652416
446 57.41686076 5.85606147
162 57.99232673 5.12518652
1174 57.31521632 7.84960069
345 57.30869047 6.42560535
225 58.48276854 5.66766987
659 57.35179522 6.49161387
1474 56.62013743 25.83527227
146 58.02178413 5.13360869
1177 57.24554118 8.64730128
1478 57.10557192 20.91688134
271 57.49584502 5.70813068
130 58.05139063 5.13682208
549 57.42107635 6.40591291
114 58.08044499 5.13764362
760 57.32219917 7.10924936
98 58.11079062 5.13635322
554 57.45382877 6.44970933
339 57.49285823 6.03061758
82 58.13981372 5.13115831
34 58.16883339 4.99362258
444 57.49200697 6.29380302
344 57.51966119 6.05438249
763 57.29479845 7.54562764
66 58.16371048 5.11594031
50 58.17595082 5.07568273
449 57.52226856 6.32601704
209 58.45126686 6.07281353
1173 57.18436613 9.83651400
1176 57.01819295 10.67685118
655 57.45540720 7.09959792
1070 57.47272837 7.80515610
968 57.10074580 9.36957488
1069 57.47212304 8.00499620
658 57.44634612 7.53568316
18 58.31635148 5.25628166
1067 57.39215593 8.74001230
193 58.38289584 6.10057361
1 58.50687205 5.17039346
550 57.58818755 7.05846567
1072 57.43062618 8.87210451
177 58.42956314 6.13503103
553 57.60125871 7.49363996
340 57.69954431 6.62144522
965 57.64518365 7.85182155
445 57.68507184 6.92862054
343 57.66107188 6.81012657
161 58.48367786 6.14782356
1475 57.41375955 18.19021829
1476 57.49466529 17.37048647
964 57.65475554 8.05203771
145 58.53776262 6.15312814
863 57.35737042 9.42637320
448 57.70328284 7.31933633
129 58.59012328 6.15528635
962 57.60610749 8.82815043
113 58.64624144 6.15536721
860 57.81900522 7.86275890
1068 57.42699425 10.07114514
97 58.70206360 6.15259496
967 57.65436124 8.94063447
2 58.63569861 5.34716248
859 57.83884529 8.06305311
33 58.79565400 5.82546669
81 58.75330464 6.14308403
1071 57.30199119 10.92568491
65 58.79447987 6.11418378
49 58.81763921 6.03110197
1270 57.43417848 12.99058323
1273 57.65156355 11.31827171
755 57.98731328 7.85585037
758 57.61954254 9.43825464
857 57.83082151 8.85254128
1272 57.62383785 11.71545681
1171 56.94986179 14.39516278
754 58.01564373 8.05618509
269 58.01328971 7.17340263
862 57.88443358 8.95853274
1275 57.45969391 13.34598275
650 58.15544952 7.82274824
963 57.71179259 10.14193143
335 58.33344019 7.00834874
17 59.04845954 5.84210348
649 58.19404661 8.02315227
653 57.85258645 9.43020342
752 58.04345913 8.85224136
545 58.29902376 7.72689048
334 58.39647766 7.19531121
966 57.63180800 11.00047558
440 58.37482876 7.48301674
757 58.10037753 8.95505000
266 58.44870812 7.23365995
544 58.34781829 7.92699489
439 58.43331369 7.68169309
268 58.45593023 7.33959791
647 58.26237963 8.82866257
1271 57.29333968 15.72909330
548 58.10322956 9.39203163
858 58.00347402 10.16029803
1168 57.95147125 11.55290912
267 58.60898438 7.39138195
652 58.32470582 8.92691749
1167 57.94420871 11.95000077
1274 57.01322958 17.41669880
861 57.97005325 11.01928696
542 58.46441072 8.75085906
1165 57.77349167 13.43726042
332 58.61097326 8.03158666
443 58.30915107 9.23860062
337 58.66131912 8.08085509
338 58.38909625 8.79518571
547 58.52810083 8.83918799
753 58.27036019 10.15705827
1066 57.41307185 14.66746754
437 58.60866217 8.54251646
1170 57.84069383 13.68635972
442 58.66720026 8.60879564
1063 58.29809065 11.62043644
756 58.27266865 11.01573380
1062 58.31159256 12.01740687
648 58.55628831 10.12934166
1060 58.20663533 13.56573817
1368 57.30081510 22.12763388
958 58.64447931 11.63812431
651 58.60321013 10.98644284
1166 57.79711858 16.06890963
543 58.82086801 10.03981442
1371 57.73700392 18.64046591
961 57.93194608 14.74690312
1065 58.29286873 13.78399861
333 59.03954391 9.20262986
957 58.67882504 12.03503722
1370 57.67476432 19.43588941
438 59.01810986 9.80085372
336 59.03788952 9.56925192
1169 57.60554788 17.76891518
546 58.90556799 10.87722514
853 58.98132712 11.63662540
1373 57.33219074 22.77032039
955 58.65757249 13.60142985
852 59.03223579 12.03353091
441 59.12034057 10.56937063
1269 56.65564848 24.86435040
960 58.75406311 13.81051581
856 58.45979571 14.76706497
748 59.33354170 11.61555001
1061 58.37388020 16.16582121
747 59.40519629 12.01248936
850 59.08054524 13.60681660
1064 58.27433520 17.86959416
328 59.99571984 9.96298497
1266 58.34967915 18.96558578
643 59.67078666 11.55015244
855 59.18366219 13.81243754
265 59.74772856 10.29476502
1369 56.95875319 27.54286136
751 58.92196039 14.76475662
1265 58.33164390 19.75525344
642 59.76320509 11.94702740
327 60.13774310 10.33416961
538 59.94647370 11.36781434
433 60.08260119 10.89462206
956 58.96013754 16.19199327
745 59.52974738 13.59269832
262 60.27778668 10.40598935
1263 57.99435357 22.76791227
1372 56.49456873 30.94319536
537 60.05963345 11.76444678
750 59.64660830 13.79494222
432 60.21161571 11.28865629
646 59.44402120 14.73863432
264 60.40533263 10.61612424
1268 58.11791060 23.23575201
959 58.95581924 17.89649501
263 60.57235114 10.71067857
640 59.97536592 13.54126690
1161 59.05048596 19.05127092
1164 57.63008012 25.20201759
851 59.48911420 16.19387061
645 60.10033157 13.73633454
1160 59.07482744 19.83950950
541 59.94314219 14.64221575
325 60.64687088 11.99073129
535 60.37521702 13.39497506
330 60.74736515 12.09041203
540 60.50032461 13.57129201
430 60.63348296 12.99241754
854 59.55417306 17.89809021
746 60.07653583 16.17657834
435 60.74508561 13.12562247
1158 58.87492453 22.93398014
331 60.48940559 13.50276648
436 60.36326330 14.37040972
1056 59.74340596 19.07371960
1264 58.00969909 27.97375799
1163 59.03572967 23.35734129
1055 59.81010418 19.86158416
1059 58.68442420 25.29614120
749 60.23278664 17.87917203
641 60.65484212 16.11758427
1267 57.73977400 31.36868137
951 60.41409103 19.07612527
1053 59.78327032 22.97770009
950 60.51291044 19.86389648
536 61.17928309 15.95108664
326 61.59950474 14.31751984
644 60.89965800 17.80973030
1058 59.96343282 23.38930353
431 61.51917268 15.48982782
1367 55.52724260 45.83760178
846 61.13061639 19.06387606
1159 59.18177852 28.08677281
329 61.75354642 15.04675424
954 59.75008952 25.32099021
845 61.27149397 19.85166067
539 61.50681254 17.61300582
948 60.62245984 22.98688209
434 61.86979834 17.01593300
953 60.81473369 23.39481730
741 61.84166933 19.02129175
1162 59.10032706 31.48212721
740 62.02443547 19.80915431
849 60.66001357 25.32269740
321 62.98147195 14.69232078
1054 60.36362217 28.11649089
843 61.53022789 22.97974414
636 62.49028131 18.89309687
848 61.75305490 23.38516392
320 63.31023921 15.45970924
261 63.12291527 16.46976469
635 62.71539776 19.68132523
531 63.01063084 18.51175009
258 63.46622267 13.67383933
426 63.29192176 17.41599903
1057 60.47701373 31.51202203
744 61.72459134 25.30618345
738 62.45206373 22.94744436
530 63.26823898 19.30096802
260 63.71779627 12.18917349
949 61.40765019 28.12144454
1262 57.59488830 46.13611424
425 63.59170906 18.20583382
259 63.85538325 12.35415382
743 62.69516495 23.34795574
633 63.33461893 22.84930935
639 62.78046589 25.24570826
952 61.65432340 31.51658726
638 63.58779947 23.23588818
844 62.59832043 28.11187156
318 64.57213740 19.23617524
528 64.06028573 22.55587758
323 64.76310647 19.26641339
533 64.30828270 22.90146762
423 64.62186691 21.68625346
534 63.78195730 25.07363269
428 64.85625623 21.92063064
1157 59.74163244 46.21626031
739 63.79176178 28.07513112
847 63.03110806 31.50561503
429 64.48650647 24.55261498
324 64.86603981 22.85476642
634 64.93849819 27.96525830
742 64.40930420 31.46304090
529 65.85393154 27.63677520
1052 61.89768135 46.23737578
319 66.73571006 23.87074416
424 66.65498001 26.65963942
637 65.74425094 31.33915083
322 67.33080327 25.74220623
532 66.77523698 30.96576004
947 63.68049679 46.24018230
427 67.67933152 29.78895321
257 69.05146754 17.54651865
842 65.83850496 46.23091751
737 67.99538297 46.19597007
632 70.11617661 46.09451046
527 71.77891875 45.78878755
422 73.55008784 44.82583976
317 74.29735715 41.52067877
