1 52.92139253996678 74.84567192801748
2 25.91567911165923 54.721722457502864
3 51.83135822331846 59.443444915005735
4 37.42855899395181 52.29240005849427
5 39.713463873646916 56.442606323529866
6 35.68691114545995 51.469210746836296
7 36.885301962748564 48.96538310511665
8 30.84278507993356 49.691343856034976
9 34.76283663430752 47.45049274928608
10 35.63634834908801 39.67603328915641
11 38.239786720555514 44.739134473436785
12 41.99836875334202 60.592812588565465
13 35.561259969312 36.26327143393842
14 45.81027800123327 73.12387552938145
15 41.99836875334203 60.592812588565465
16 44.28327363303713 64.74301885360106
17 45.58893356429147 67.11456529076425
18 43.36890480760448 60.63791797316052
