23 1.82012848 76.55246253
25 0.58886510 57.11991435
19 10.97430407 64.50749465
31 0.18736617 18.17451820
32 0.29443255 28.55995717
28 0.22751606 22.06905782
15 0.24089936 23.36723769
14 0.25428266 24.66541756
22 11.73715203 63.50374732
27 0.41488223 40.24357602
21 0.36134904 35.05085653
10 0.41488223 40.24357602
3 7.92291221 68.52248394
30 0.16059957 15.57815846
24 4.87152034 72.53747323
18 24.23715203 76.00374732
1 50.00000000 0.00000000
29 83.33333333 83.33333333
4 83.33333333 83.33333333
11 100.00000000 0.00000000
5 83.33333333 83.33333333
26 66.66666667 66.66666667
7 100.00000000 0.00000000
8 100.00000000 0.00000000
13 100.00000000 0.00000000
12 100.00000000 0.00000000
20 100.00000000 0.00000000
9 100.00000000 0.00000000
6 100.00000000 0.00000000
2 100.00000000 100.00000000
17 100.00000000 100.00000000
16 100.00000000 100.00000000
